$ 1 0.000005 10.20027730826997 50 5 43 5e-11
162 512 16 512 -48 2 default-led 1 0 0 0.01
162 592 16 592 -48 2 default-led 1 0 0 0.01
162 672 16 672 -48 2 default-led 1 0 0 0.01
162 752 16 752 -48 2 default-led 1 0 0 0.01
162 992 16 992 -48 2 default-led 1 0 0 0.01
162 912 16 912 -48 2 default-led 1 0 0 0.01
162 832 16 832 -48 2 default-led 1 0 0 0.01
162 1072 16 1072 -48 2 default-led 1 0 0 0.01
w 512 -48 592 -48 0
w 592 -48 672 -48 0
w 672 -48 752 -48 0
w 752 -48 832 -48 0
w 832 -48 912 -48 0
w 912 -48 992 -48 0
w 992 -48 1072 -48 0
162 1072 112 1072 48 2 default-led 1 0 0 0.01
162 832 112 832 48 2 default-led 1 0 0 0.01
162 912 112 912 48 2 default-led 1 0 0 0.01
162 992 112 992 48 2 default-led 1 0 0 0.01
162 752 112 752 48 2 default-led 1 0 0 0.01
162 592 112 592 48 2 default-led 1 0 0 0.01
162 512 112 512 48 2 default-led 1 0 0 0.01
w 464 -48 512 -48 0
w 384 -48 464 -48 0
162 672 112 672 48 2 default-led 1 0 0 0.01
w 544 48 512 48 0
w 512 48 384 48 0
w 544 48 592 48 0
w 592 48 672 48 0
w 672 48 752 48 0
w 752 48 832 48 0
w 832 48 912 48 0
w 912 48 992 48 0
w 992 48 1072 48 0
w 1104 16 1104 112 0
w 1072 112 1104 112 0
w 464 -48 464 112 0
w 464 112 512 112 0
162 672 208 672 144 2 default-led 1 0 0 0.01
162 512 208 512 144 2 default-led 1 0 0 0.01
162 592 208 592 144 2 default-led 1 0 0 0.01
162 752 208 752 144 2 default-led 1 0 0 0.01
162 992 208 992 144 2 default-led 1 0 0 0.01
162 912 208 912 144 2 default-led 1 0 0 0.01
162 832 208 832 144 2 default-led 1 0 0 0.01
162 1072 208 1072 144 2 default-led 1 0 0 0.01
w 384 144 512 144 0
w 512 144 592 144 0
w 672 144 752 144 0
w 752 144 832 144 0
w 832 144 912 144 0
w 912 144 992 144 0
w 992 144 1072 144 0
w 1072 208 1104 208 0
w 1104 112 1104 208 0
w 464 112 464 208 0
w 464 208 512 208 0
x 397 -56 435 -53 4 20 CA1
w 544 16 544 48 0
w 592 144 624 144 0
w 624 144 672 144 0
w 624 528 672 528 0
w 592 528 624 528 0
w 464 592 512 592 0
w 464 496 464 592 0
w 1072 592 1104 592 0
w 992 528 1072 528 0
w 832 528 912 528 0
w 752 528 832 528 0
w 672 528 752 528 0
w 512 528 592 528 0
w 384 528 512 528 0
162 1072 592 1072 528 2 default-led 1 0 0 0.01
162 832 592 832 528 2 default-led 1 0 0 0.01
162 912 592 912 528 2 default-led 1 0 0 0.01
162 992 592 992 528 2 default-led 1 0 0 0.01
162 752 592 752 528 2 default-led 1 0 0 0.01
162 592 592 592 528 2 default-led 1 0 0 0.01
162 512 592 512 528 2 default-led 1 0 0 0.01
162 672 592 672 528 2 default-led 1 0 0 0.01
162 672 304 672 240 2 default-led 1 0 0 0.01
162 512 304 512 240 2 default-led 1 0 0 0.01
162 592 304 592 240 2 default-led 1 0 0 0.01
162 752 304 752 240 2 default-led 1 0 0 0.01
162 992 304 992 240 2 default-led 1 0 0 0.01
162 912 304 912 240 2 default-led 1 0 0 0.01
162 832 304 832 240 2 default-led 1 0 0 0.01
162 1072 304 1072 240 2 default-led 1 0 0 0.01
w 384 240 512 240 0
w 512 240 592 240 0
w 752 240 832 240 0
w 832 240 912 240 0
w 912 240 992 240 0
w 992 240 1072 240 0
w 1072 304 1104 304 0
w 464 208 464 304 0
w 464 304 512 304 0
w 592 240 624 240 0
w 624 240 672 240 0
162 672 400 672 336 2 default-led 1 0 0 0.01
162 512 400 512 336 2 default-led 1 0 0 0.01
162 592 400 592 336 2 default-led 1 0 0 0.01
162 752 400 752 336 2 default-led 1 0 0 0.01
162 992 400 992 336 2 default-led 1 0 0 0.01
162 912 400 912 336 2 default-led 1 0 0 0.01
162 832 400 832 336 2 default-led 1 0 0 0.01
162 1072 400 1072 336 2 default-led 1 0 0 0.01
w 384 336 512 336 0
w 512 336 592 336 0
w 672 336 752 336 0
w 832 336 912 336 0
w 912 336 992 336 0
w 992 336 1072 336 0
w 1072 400 1104 400 0
w 464 304 464 400 0
w 464 400 512 400 0
w 592 336 624 336 0
w 624 336 672 336 0
162 672 496 672 432 2 default-led 1 0 0 0.01
162 512 496 512 432 2 default-led 1 0 0 0.01
162 592 496 592 432 2 default-led 1 0 0 0.01
162 752 496 752 432 2 default-led 1 0 0 0.01
162 992 496 992 432 2 default-led 1 0 0 0.01
162 912 496 912 432 2 default-led 1 0 0 0.01
162 832 496 832 432 2 default-led 1 0 0 0.01
162 1072 496 1072 432 2 default-led 1 0 0 0.01
w 384 432 512 432 0
w 512 432 592 432 0
w 672 432 752 432 0
w 752 432 832 432 0
w 912 432 992 432 0
w 992 432 1072 432 0
w 1072 496 1104 496 0
w 464 400 464 496 0
w 464 496 512 496 0
w 592 432 624 432 0
w 624 432 672 432 0
162 672 688 672 624 2 default-led 1 0 0 0.01
162 512 688 512 624 2 default-led 1 0 0 0.01
162 592 688 592 624 2 default-led 1 0 0 0.01
162 752 688 752 624 2 default-led 1 0 0 0.01
162 992 688 992 624 2 default-led 1 0 0 0.01
162 912 688 912 624 2 default-led 1 0 0 0.01
162 832 688 832 624 2 default-led 1 0 0 0.01
162 1072 688 1072 624 2 default-led 1 0 0 0.01
w 384 624 512 624 0
w 512 624 592 624 0
w 672 624 752 624 0
w 752 624 832 624 0
w 832 624 912 624 0
w 912 624 992 624 0
w 1072 688 1104 688 0
w 464 592 464 688 0
w 464 688 512 688 0
w 592 624 624 624 0
w 624 624 672 624 0
162 672 784 672 720 2 default-led 1 0 0 0.01
162 512 784 512 720 2 default-led 1 0 0 0.01
162 592 784 592 720 2 default-led 1 0 0 0.01
162 752 784 752 720 2 default-led 1 0 0 0.01
162 992 784 992 720 2 default-led 1 0 0 0.01
162 912 784 912 720 2 default-led 1 0 0 0.01
162 832 784 832 720 2 default-led 1 0 0 0.01
162 1072 784 1072 720 2 default-led 1 0 0 0.01
w 384 720 512 720 0
w 512 720 592 720 0
w 672 720 752 720 0
w 752 720 832 720 0
w 832 720 912 720 0
w 912 720 992 720 0
w 992 720 1072 720 0
w 464 688 464 784 0
w 464 784 512 784 0
w 592 720 624 720 0
w 624 720 672 720 0
x 397 36 435 39 4 20 CA2
x 396 133 434 136 4 20 CA3
x 396 230 434 233 4 20 CA4
x 396 323 434 326 4 20 CA5
x 396 420 434 423 4 20 CA6
x 397 512 435 515 4 20 CA7
x 398 612 436 615 4 20 CA8
x 399 710 437 713 4 20 CA9
w 1104 208 1104 304 0
w 1104 304 1104 400 0
w 1104 400 1104 496 0
w 1104 496 1104 592 0
w 1104 592 1104 688 0
w 1104 688 1104 720 0
w 1104 720 1072 720 0
w 672 240 704 240 0
w 704 240 752 240 0
w 752 336 784 336 0
w 784 336 832 336 0
w 864 432 832 432 0
w 864 432 912 432 0
w 944 528 912 528 0
w 944 528 992 528 0
w 992 624 1024 624 0
w 1024 624 1072 624 0
w 544 784 592 784 0
w 592 208 544 208 0
w 592 304 544 304 0
w 592 400 544 400 0
w 592 496 544 496 0
w 592 592 544 592 0
w 592 688 544 688 0
w 544 48 544 208 0
w 544 208 544 304 0
w 544 304 544 400 0
w 544 400 544 496 0
w 544 496 544 592 0
w 544 592 544 688 0
w 544 688 544 784 0
w 592 112 624 112 0
w 624 16 624 112 0
w 624 112 624 144 0
w 672 304 624 304 0
w 672 400 624 400 0
w 672 496 624 496 0
w 672 592 624 592 0
w 672 688 624 688 0
w 672 784 624 784 0
w 624 688 624 784 0
w 624 688 624 592 0
w 624 592 624 496 0
w 624 496 624 400 0
w 624 400 624 304 0
w 672 112 704 112 0
w 672 208 704 208 0
w 704 208 704 240 0
w 704 208 704 112 0
w 704 112 704 16 0
w 624 304 624 144 0
w 752 400 704 400 0
w 752 496 704 496 0
w 752 592 704 592 0
w 752 688 704 688 0
w 752 784 704 784 0
w 704 240 704 400 0
w 704 400 704 496 0
w 704 496 704 592 0
w 704 592 704 688 0
w 704 688 704 784 0
w 752 112 784 112 0
w 752 208 784 208 0
w 752 304 784 304 0
w 784 336 784 304 0
w 784 304 784 208 0
w 784 208 784 112 0
w 784 112 784 16 0
w 784 496 832 496 0
w 832 592 784 592 0
w 832 688 784 688 0
w 832 784 784 784 0
w 784 784 784 688 0
w 784 688 784 592 0
w 784 592 784 496 0
w 832 400 864 400 0
w 832 304 864 304 0
w 832 208 864 208 0
w 832 112 864 112 0
w 784 496 784 336 0
w 864 432 864 400 0
w 864 400 864 304 0
w 864 304 864 208 0
w 864 208 864 112 0
w 864 112 864 16 0
w 912 592 864 592 0
w 912 688 864 688 0
w 912 784 864 784 0
w 864 784 864 688 0
w 864 688 864 592 0
w 864 592 864 432 0
w 912 496 944 496 0
w 912 400 944 400 0
w 912 304 944 304 0
w 912 208 944 208 0
w 912 112 944 112 0
w 944 528 944 496 0
w 944 496 944 400 0
w 944 400 944 304 0
w 944 304 944 208 0
w 944 208 944 112 0
w 944 112 944 16 0
w 944 688 992 688 0
w 944 784 992 784 0
w 944 784 944 688 0
w 944 688 944 528 0
w 992 592 1024 592 0
w 992 496 1024 496 0
w 992 400 1024 400 0
w 992 304 1024 304 0
w 992 208 1024 208 0
w 992 112 1024 112 0
w 1024 624 1024 592 0
w 1024 592 1024 496 0
w 1024 496 1024 400 0
w 1024 400 1024 304 0
w 1024 304 1024 208 0
w 1024 208 1024 112 0
w 1024 112 1024 16 0
w 1024 624 1024 784 0
w 1024 784 1072 784 0
w 544 16 512 16 0
w 592 16 624 16 0
w 704 16 672 16 0
w 784 16 752 16 0
w 864 16 832 16 0
w 944 16 912 16 0
w 1024 16 992 16 0
w 1104 16 1072 16 0
r 384 -48 304 -48 0 100
r 384 48 304 48 0 100
r 384 144 304 144 0 100
r 384 240 304 240 0 100
r 384 336 304 336 0 100
r 384 432 304 432 0 100
r 384 528 304 528 0 100
r 384 624 304 624 0 100
r 384 720 304 720 0 100
f 128 -64 208 -64 32 1.5 0.02
f 64 -32 144 -32 32 1.5 0.02
s -48 -64 64 -64 0 1 false
w 64 -64 128 -64 0
w -48 -64 -48 -96 0
w -48 -96 208 -96 0
w 208 -96 208 -80 0
w 208 -48 304 -48 0
w 176 -32 384 -32 0
w 384 -32 384 -48 0
g 192 -16 256 -16 0 0
s -48 -32 64 -32 0 1 false
w -48 -64 -48 -32 0
w 144 -48 176 -32 0
R -144 -96 -208 -96 0 0 40 5 0 0 0.5
w 144 48 176 64 0
w -48 32 -48 64 0
s -48 64 64 64 0 1 false
g 144 80 256 80 0 0
w 176 64 384 64 0
w 208 48 304 48 0
w 208 0 208 16 0
w -48 0 208 0 0
w -48 32 -48 0 0
w 64 32 128 32 0
s -48 32 64 32 0 1 false
f 64 64 144 64 32 1.5 0.02
f 128 32 208 32 32 1.5 0.02
w 192 -16 144 -16 0
w 144 144 176 160 0
w -48 128 -48 160 0
s -48 160 64 160 0 1 false
g 144 176 256 176 0 0
w 176 160 384 160 0
w 208 144 304 144 0
w 208 96 208 112 0
w -48 96 208 96 0
w -48 128 -48 96 0
w 64 128 128 128 0
s -48 128 64 128 0 1 false
f 64 160 144 160 32 1.5 0.02
f 128 128 208 128 32 1.5 0.02
w 144 240 176 256 0
w -48 224 -48 256 0
s -48 256 64 256 0 1 false
g 144 272 256 272 0 0
w 176 256 384 256 0
w 208 240 304 240 0
w 208 192 208 208 0
w -48 192 208 192 0
w -48 224 -48 192 0
w 64 224 128 224 0
s -48 224 64 224 0 1 false
f 64 256 144 256 32 1.5 0.02
f 128 224 208 224 32 1.5 0.02
w 144 336 176 352 0
w -48 320 -48 352 0
s -48 352 64 352 0 1 false
g 144 368 256 368 0 0
w 176 352 384 352 0
w 208 336 304 336 0
w 208 288 208 304 0
w -48 288 208 288 0
w -48 320 -48 288 0
w 64 320 128 320 0
s -48 320 64 320 0 1 false
f 64 352 144 352 32 1.5 0.02
f 128 320 208 320 32 1.5 0.02
w 144 432 176 448 0
w -48 416 -48 448 0
s -48 448 64 448 0 1 false
g 144 464 256 464 0 0
w 176 448 384 448 0
w 208 432 304 432 0
w 208 384 208 400 0
w -48 384 208 384 0
w -48 416 -48 384 0
w 64 416 128 416 0
s -48 416 64 416 0 1 false
f 64 448 144 448 32 1.5 0.02
f 128 416 208 416 32 1.5 0.02
w 144 528 176 544 0
w -48 512 -48 544 0
s -48 544 64 544 0 1 false
g 144 560 256 560 0 0
w 176 544 384 544 0
w 208 528 304 528 0
w 208 480 208 496 0
w -48 480 208 480 0
w -48 512 -48 480 0
w 64 512 128 512 0
s -48 512 64 512 0 1 false
f 64 544 144 544 32 1.5 0.02
f 128 512 208 512 32 1.5 0.02
w 144 624 176 640 0
w -48 608 -48 640 0
s -48 640 64 640 0 1 false
g 144 656 256 656 0 0
w 176 640 384 640 0
w 208 624 304 624 0
w 208 576 208 592 0
w -48 576 208 576 0
w -48 608 -48 576 0
w 64 608 128 608 0
s -48 608 64 608 0 1 false
f 64 640 144 640 32 1.5 0.02
f 128 608 208 608 32 1.5 0.02
w 144 720 176 736 0
w -48 704 -48 736 0
s -48 736 64 736 0 1 false
g 144 752 256 752 0 0
w 176 736 384 736 0
w 208 720 304 720 0
w 208 672 208 688 0
w -48 672 208 672 0
w -48 704 -48 672 0
w 64 704 128 704 0
s -48 704 64 704 0 1 false
f 64 736 144 736 32 1.5 0.02
f 128 704 208 704 32 1.5 0.02
w 384 64 384 48 0
w 384 160 384 144 0
w 384 256 384 240 0
w 384 352 384 336 0
w 384 448 384 432 0
w 384 544 384 528 0
w 384 640 384 624 0
w 384 736 384 720 0
w -48 -32 -48 0 0
w -48 64 -48 96 0
w -48 160 -48 192 0
w -48 256 -48 288 0
w -48 352 -48 384 0
w -48 448 -48 480 0
w -48 544 -48 576 0
w -48 640 -48 672 0
x -98 727 -60 730 4 20 CA9
x -99 629 -61 632 4 20 CA8
x -100 529 -62 532 4 20 CA7
x -101 437 -63 440 4 20 CA6
x -101 340 -63 343 4 20 CA5
x -101 247 -63 250 4 20 CA4
x -101 150 -63 153 4 20 CA3
x -100 53 -62 56 4 20 CA2
x -100 -39 -62 -36 4 20 CA1
w -144 -96 -48 -96 0